popSize= 1024
generations= 51
xoverMaxDepth= 17
selTerm= 0.1
selNonTerm=0.9
selRoot= 0.0


Best Individual's Map
=====================
19 16 19 20 18 17 22 17 16 19 16 23 25 22 21 26 15 20 19 20 15 20 19 24 19 26 23 26 22 23 22 27 21 17 25 21 21 20 25 20 19 16 15 20 16 23 20 23 20 23 24 23 22 17 22 21 23 20 19 24 19 22 19 26 16 19 20 23 18 17 22 21 20 17 16 21 16 19 20 19 25 20 25 24 19 16 23 20 23 16 19 20 17 18 21 22 18 17 18 21 17 18 21 18 20 17 20 21 16 22 20 26 21 20 17 24 20 16 16 20 19 20 15 24 15 24 19 24 17 18 17 22 16 21 20 21 17 19 21 23 22 16 18 20 19 16 23 16 21 16 21 20 19 17 23 21 16 22 20 22 16 20 20 24 19 24 23 24 20 21 20 25 20 23 24 27 20 19 24 19 21 16 25 20 21 20 21 24 18 18 22 22 23 16 23 20 24 16 20 20 24 18 20 22 21 18 25 18 20 21 24 21 23 20 23 24 20 22 24 22 18 21 18 25 24 16 24 20 25 16 21 20 25 19 21 23 22 16 26 20 25 16 25 20 22 23 18 27 16 23 20 27 22 17 26 17 18 25 22 25 23 23 19 27 26 19 22 23 23 16 27 20 27 19 23 23 24 20 24 24 18 27 22 27 21 24 21 28 25 23 21 27 25 24 21 28 19 24 23 28 21 22 25 26 22 21 26 25 27 24 23 28 23 24 27 24 22 25 26 25 22 22 26 26 27 16 23 20 23 16 27 16 23 20 27 24 26 22 26 26 26 16 26 20 24 19 28 19 24 16 28 20 23 21 27 25 23 24 23 28 20 24 24 28 24 24 24 28 23 26 27 26 21 23 25 27 22 27 26 27 25 24 25 28 28 24 24 28 27 23 23 27 19 21 15 25 27 22 27 26 24 22 28 22 21 28 25 28 25 20 29 20 29 20 25 24 25 16 29 20 27 16 27 20 24 23 28 23 28 18 28 22 25 18 29 18 29 18 25 22 24 21 28 21 29 19 25 23 26 16 30 20 25 20 29 24 25 21 29 25 29 24 25 28 28 22 28 26 26 25 30 25 


Score=118



=====================

TO_BE_USED_AS_INPUT
19 16 19 20 19 16 3
18 17 22 17 18 17 1
16 19 16 23 16 19 3
25 22 21 26 23 24 4
15 20 19 20 15 20 1
15 20 19 24 17 22 2
19 26 23 26 23 26 1
22 23 22 27 22 27 3
21 17 25 21 23 19 2
21 20 25 20 21 20 1
19 16 15 20 17 18 4
16 23 20 23 20 23 1
20 23 24 23 21 23 1
22 17 22 21 22 21 3
23 20 19 24 21 22 4
19 22 19 26 19 22 3
16 19 20 23 18 21 2
18 17 22 21 20 19 2
20 17 16 21 18 19 4
16 19 20 19 17 19 1
25 20 25 24 25 24 3
19 16 23 20 21 18 2
23 16 19 20 23 16 4
17 18 21 22 20 21 2
18 17 18 21 18 18 3
17 18 21 18 20 18 1
20 17 20 21 20 20 3
16 22 20 26 18 24 2
21 20 17 24 17 24 4
20 16 16 20 20 16 4
19 20 15 24 15 24 4
15 24 19 24 16 24 1
17 18 17 22 17 21 3
16 21 20 21 19 21 1
17 19 21 23 20 22 2
22 16 18 20 22 16 4
19 16 23 16 21 16 1
21 16 21 20 21 19 3
19 17 23 21 23 21 2
16 22 20 22 18 22 1
16 20 20 24 20 24 2
19 24 23 24 21 24 1
20 21 20 25 20 25 3
20 23 24 27 24 27 2
20 19 24 19 24 19 1
21 16 25 20 23 18 2
21 20 21 24 21 21 3
18 18 22 22 22 22 2
23 16 23 20 23 17 3
24 16 20 20 24 16 4
24 18 20 22 24 18 4
21 18 25 18 25 18 1
20 21 24 21 24 21 1
23 20 23 24 23 22 3
20 22 24 22 24 22 1
18 21 18 25 18 25 3
24 16 24 20 24 17 3
25 16 21 20 25 16 4
25 19 21 23 25 19 4
22 16 26 20 26 20 2
25 16 25 20 25 17 3
22 23 18 27 18 27 4
16 23 20 27 20 27 2
22 17 26 17 26 17 1
18 25 22 25 21 25 1
23 23 19 27 19 27 4
26 19 22 23 26 19 4
23 16 27 20 27 20 2
27 19 23 23 27 19 4
24 20 24 24 24 24 3
18 27 22 27 21 27 1
21 24 21 28 21 28 3
25 23 21 27 23 25 4
25 24 21 28 24 25 4
19 24 23 28 23 28 2
21 22 25 26 25 26 2
22 21 26 25 26 25 2
27 24 23 28 27 24 4
23 24 27 24 26 24 1
22 25 26 25 25 25 1
22 22 26 26 26 26 2
27 16 23 20 27 16 4
23 16 27 16 26 16 1
23 20 27 24 26 23 2
26 22 26 26 26 22 3
26 16 26 20 26 18 3
24 19 28 19 28 19 1
24 16 28 20 28 20 2
23 21 27 25 27 25 2
23 24 23 28 23 27 3
20 24 24 28 24 28 2
24 24 24 28 24 26 3
23 26 27 26 27 26 1
21 23 25 27 25 27 2
22 27 26 27 26 27 1
25 24 25 28 25 28 3
28 24 24 28 28 24 4
27 23 23 27 27 23 4
19 21 15 25 15 25 4
27 22 27 26 27 22 3
24 22 28 22 28 22 1
21 28 25 28 22 28 1
25 20 29 20 29 20 1
29 20 25 24 28 21 4
25 16 29 20 27 18 2
27 16 27 20 27 17 3
24 23 28 23 28 23 1
28 18 28 22 28 18 3
25 18 29 18 29 18 1
29 18 25 22 26 21 4
24 21 28 21 27 21 1
29 19 25 23 29 19 4
26 16 30 20 30 20 2
25 20 29 24 29 24 2
25 21 29 25 29 25 2
29 24 25 28 28 25 4
28 22 28 26 28 26 3
26 25 30 25 30 25 1
